 10
     20
      3     3     9
     11     7    15
      5     1     8
      6     5     3
      7     8    12
      1     1     6
      5     4     4
      7     6     8
     19     7     1
     18     6    12
     19     9    12
      2     9    10
     17     4     4
     14     9    12
      3     8     4
     18     9     7
     18     2     1
     18     9     7
     12     9     4
     14     9     2
     20
      9     4    12
      4     3    12
     13     1    10
     10     2     5
      7     4     4
     19     8    14
     18     8     2
     15     7     8
     17     1     9
      4     1    12
     14     3     7
     15     3    11
      4    10     8
     18     2     6
     19     8     7
     14     5    15
     12     5     8
      8     4     6
      1     4    15
     16     3    10
     20
     15     5     1
     16    10     9
     20     2    13
     13     8     7
      6    10    10
     18     5     6
     11     2    14
      4     8     9
     16     5     3
     11     5    11
     10     7     2
      7     7    12
     11     6    11
      1     6     1
     14     8     9
     10    10     8
      5     8    14
     19     8     4
      9     8    11
     17     7     4
     20
      2     6     4
      9     6     5
      7     2    15
     16     5     9
      6     6     2
     17     2    13
      5     6    12
     12     9    10
     15     9    11
     17    10    11
      5     2    12
     19     1    13
     18     3    15
      4     9    10
      9     8    11
      5     6     1
     18    10     6
      9     3     3
     18     3     7
     19     2    12
     20
      8     7     7
      1     3     2
     14     3     3
     19     1    11
      5     2     9
     16    10     6
     18    10     9
     20    10    10
     14     3     4
      3     4    10
      1     6     7
     12     6    14
      5     9     3
      8     3     5
      5     9    14
      1     2     9
     11     3    12
     19     8     1
      7     7     3
      1     6     6
     20
     14     8    11
     14     9    14
      2     4     5
      3     7    13
      5     8    15
     15     7    13
     11     4     6
      9     1    11
     12     7    13
     10     9    10
     16    10     2
      4    10    14
     12     6     7
     11     6    14
     20     9     1
     16     8     2
      5     6     4
     10     3    15
     16     2    14
      2    10    14
     20
     20     9    14
      6     6    11
      9     4     8
      6     4     1
      5     4     7
     14     4     5
      5     8     4
     17     2    12
     11     1     6
     16     4     9
     12     4    12
     17     4    15
     19     2    10
     14    10     8
     15     9     3
     12     4    10
     18     9    11
     20     7    13
      4     6    10
      4     5     7
     20
      7     9     2
     19     2     8
     16     5    10
      9    10     3
      4    10    14
     13     1    12
     18     2     1
      6     3    12
     10     5    14
      3     8     9
      7     9     7
      9     8     1
      6     9    14
     18     3     3
     11     9     6
      7    10     3
     11     1     2
     10     2    12
     13     1     7
      5     9     1
     20
     13    10     6
     11     9     5
      3     5    13
     13     6     5
      4     6     5
     11     8     5
     11     6    14
     14     4    13
      8     9     7
      9     3     8
      3     3     2
      2     2     2
     13     5     2
      1     7    12
      6     9     8
      3     5    11
      4     4     9
      1     7    10
      2     5     3
      7     3     9
     20
     19     1     9
      4     6     2
     11     6    15
     16     3     7
      3     3    12
     10     6    12
      4    10    11
      2     5    14
      7     3     1
     16     7     8
     18     7    12
     14     6     3
     20     2     6
      5    10     7
      1     9    10
     18     1     4
     18     7     1
     11     1     9
     11    10    14
      8     7     3
