 10
    200
     14     7    15
      2     5     2
     13     8     1
      3     8     9
      5     1     8
     13     3    15
     17     7     4
     18     3    10
      5     9     8
     16     6     7
      2     4    14
     15     1     4
      9     5     5
      4    10     4
     19     9    13
     16     9     3
      6     3     7
     16     8     4
     11     5     5
     15     1     1
     17     1    11
      6     8     1
      6     9     4
      8     3    12
     17     8    15
     20    10    15
      4     3     9
     13     1     8
      9     7     5
      9     2     5
     12    10    15
      2     2     3
      3     3    15
     19     9    14
      4     9    15
      9     1     6
      9     4     9
     13    10    15
     12     2     8
     10     2    11
     19     9     4
      9     4    15
     13    10     8
     15    10     3
      1    10     9
      1     5     4
     13     2     3
      1     1     2
      6     7    13
      8     5     6
      5     6    11
      7     4     9
      7     2    13
     14     5    13
      6     7     6
     12     4     5
      5     1    15
     13    10     4
     17     3     1
      8     1     6
     13     6     7
     13    10    13
     11     6     7
      6     3    15
     12     5    12
     12     5     1
      8     3     4
      4     9     4
      3     3    10
     12     7     7
      2     1     6
     19     7    11
      6    10    12
     20     8     9
      9     6    14
      8     8     9
      4     7     4
      4     8    15
      1     6    14
     17    10     3
      6     4     3
     14     1     9
     12     8     3
     19     4     4
      1     1    13
      3     5     2
      9     2    13
     19     7     3
      1     1    14
     16     5    15
     16     2     3
      2     2    12
      3     2     8
      3     3     9
     10     6     5
     16     1     8
     16     4    12
     12     2     3
     13     1    10
     19     3     1
      1     4    13
      5    10     9
      7     4    11
      8     3    13
     14     9    14
      2     7     6
     13     6    10
     20     8     3
     19     1    12
     12     5     5
      2     3     2
     17     4    13
     13     2     5
      6     3     3
      5     5     1
     12     1     4
      5    10    12
     18     8     5
     20     2    12
     15     9     9
     18     4    13
     13     8     6
      1     3    14
      4     8     8
     13     4    14
     13     2     5
     12     6     5
     16     1     6
     11     4    15
      5     2     8
      5     8    12
      1     8    10
     10     1     9
      6     1     7
      5     9     7
      9     3    11
     11     3     3
     20     7    14
      4     4     9
     17     7     6
     13     2     5
      5     5     1
     15    10     6
     11     4     9
     20     6     7
     17     7     5
     15     5     3
     13     3     7
      6     8     5
     20     8     7
     10     5    12
      5     8    12
      4     9     3
     17     7     3
     16     2     9
     13     7    11
     11     7    12
     11     3     2
      2     9     1
     18     3    11
     18     2     4
     19     7    11
      5     8     8
     14     6     6
      7     2     3
      7     1     6
      6    10     7
     10    10     1
     12     8     4
     14     3    14
     16     5     8
     19     5     9
     20     3    15
      9     8     2
      1     7     6
      8     7    10
     18     5     4
     20     5     1
     10     5     2
      4     2    10
     19     6     5
     13     9    15
      7     9    10
      8     5    15
      6     8     4
     17     8     9
      5    10     2
      7     5    11
      9     8    14
      2     5     5
     19     4     2
      6     8     4
     19     9    10
      9    10    10
     20     4     9
     14     9     1
     19     9    13
     13     9     7
     17     2     7
     18     4     3
    200
     20     8     3
     15     2    14
     20     9     4
      6     4    11
      4     7    14
     11    10     7
     10     1     2
      7     4    11
      4     3     1
      3    10     7
     18     8     9
      8     5     4
     16     2     9
      8     4    13
     14     9    15
     11     5    11
     19     6    14
      7     3     3
     20    10     1
     17     5     9
     15     7     9
      5     4    15
     12     2     7
     14     9     1
     18     7    12
      4     7     6
     18     1     3
     14     1    13
     16     7    13
     16     7    10
      3     4    15
      2     8     7
      6     6     6
      2     2    14
      3     5    13
      8     2    11
     11    10     9
     13     9    11
     17    10     6
     18     4     8
      6    10     7
     11     6    11
     11     8    13
     20     2    14
     14     5     8
     17     2    10
     19     3    11
      7     5     9
     20     3     9
     14     2     1
      8    10     5
      1     2    12
     17     9     1
     17     4     4
     12     6    15
      1     8     1
     15     1    12
     11     5    15
      2     5     3
     13     5    11
      6     9    14
     13     1     3
      9     1    13
     16     6     3
     13     8     3
      6     9     8
     14    10    15
      1     3     6
     12     6     9
     20     4    13
     15    10     3
      9     3     9
      8     2     2
     15     9     6
     10     5    13
     15     1     9
      1     7     2
      4     2    15
     18     3     1
     14    10    10
      4     4     1
      3     8     4
     12     7     7
      9     4     9
     12     1     8
      6     9     6
      1     5    15
      7     2    10
      3     2    10
     14    10     1
     20     9     1
      9     3     4
     14     1     3
      9     2     4
      3     9     9
     13     5    15
     14     5     2
     10     2     5
      5     5     4
     11    10    12
      5     2    11
     13     5     8
      3     7     9
      2     8    11
      3     8     2
      6    10     3
     15     6    11
     11     7     7
     20     3     8
     13     5     7
     18     7     2
     19     6    11
      5     5     9
     12     9    15
      9     7     3
     11     4    10
     16     7    15
      4     1     7
     19     6    15
      7     6     5
     11     8     7
      7     8     7
      1     2    15
     16     6    14
     14    10     7
     11     2    12
      5     3    12
     17     8    10
      8     1    13
     11     2     9
     16     4     7
     14     1    15
      8     6     6
     11     1     4
      6     2     7
      3     9    12
      6     7    12
     17     7    13
     11     2     3
      2     2     3
     19     5    12
      9     1     6
     20    10     2
      7     4     5
     10     4     9
      2     8    12
     19    10     9
      4     7    14
      7     3    13
     14     3    13
      2     8    13
      2     5    10
      6     7     7
     10     1     8
      7     8    14
     18    10     7
     18     3     7
     16     4     8
      9     5     9
     14     6     3
      3     6    13
     16     6     6
     12     7     5
      5     7    14
     12    10     8
     17     3     9
     17     2     7
      6     2    14
     11     6    12
      7     5     7
     15     4    13
     11     5     3
     19     8     9
     10     6     4
     19     6     1
      1     5     7
      2     3     9
      4     3     5
     17     5    12
     15     9    14
     10    10    11
      2     2     4
      4     8    11
     19     8     5
     15    10     2
      9     9     7
     17    10     7
     15     8    12
     12     5     8
     12     7     6
     14     5    15
      2     4    13
      1     9     3
      4     2     9
      7     5    15
     14     8     7
      3     4    10
     20     6     1
     14     1     1
     13     4    11
    200
      6     9     6
      7     8    11
      7     9     6
     10     1    13
      4     3     6
     10     7    14
      3     5    14
     15     5    12
      3     7     9
      9     5     6
     13     2     4
     20     9     5
      3     8    12
     11     7     8
     10     9     2
      7    10     4
     12     9     5
     17     8     1
      8     4    12
     18     9     2
     14     2     7
      4     9    15
     18     6    10
      1     6     5
     18     6     8
      8     4    13
     12     9    12
     15     2     3
      4     7     5
      4     2    15
     13     9    15
      2     4    12
      9     9    13
      5     6    13
      1     1    10
      6     3    15
     14     5     9
     13     9     7
      2     8     4
      6     6     6
     13     1     9
     14     8     8
     10     5     3
      5     4     9
      6     9     7
     12    10    15
      4     4     3
     13     9    15
     15     8     6
     20     9    11
     10     4    14
     14     1    15
      8     7     3
      1     4    11
     17     6     9
      9     3    11
      6    10     9
     10    10    12
      7     6     5
     18     8     1
     19     3     5
     13     2     8
      7     6     4
      5     9     5
     14    10     9
      1     3     1
     19     8    10
     18     8     9
      1     9     8
      8     1     4
      8     9    15
     19     8     7
     10     4     7
      9    10     3
     12     4    11
      3     4     9
     18     7    15
      4     7    14
     15    10     3
     12     9     2
      2     4    14
     13     5    13
     11     6    11
     18     5    14
      3     2     3
     10     2    10
     13     7     3
     14     8     2
      4     3     5
     12     5     3
      4     6    14
     16     5    10
      5     1    14
     14     1    15
     15     3    13
     11     8     7
     12     5     7
      8     1     6
     17     9    13
      2     8     9
     10    10     8
      1    10     6
     18    10     8
     16     3     9
     12     7     6
     10     4    15
     17     7    12
      2     5    10
      1     6     5
     15     5     9
     14     1     3
      1     9     9
     16     7    13
     17     4    12
     13     8     5
     11     6     1
      8     4     3
      9     5    10
     18     1     3
     19     2     1
      5     1     1
      2     8     9
     20     1     2
      9     4     6
     15     5    15
      9     2     4
     19     9     4
     18     5    14
      6     8    10
     16     2    11
      8     1     2
      6     3     5
      6    10     3
     16     1    15
      8     5     7
     18     6    14
      2     1     7
     14     7    12
     19    10    12
      7     8    15
      6     9     3
     14     8    12
      6    10    14
      2     3     2
      1     3    10
      8     9     4
      3     5     1
     16     1     7
      7     8     6
      8     7     4
     14     1    13
     19     2     8
      9     5    12
      4     5    13
     17     3     5
      4     3     4
      5     9     2
      1     4    13
     16    10     2
     10     9    10
      8     1     7
     13     5     2
     19     6     2
     17     8     6
     17     7    13
      7     6    11
      8     4     8
      2     3    11
      9     4     6
      1     8     1
     15     2     3
      3     4    12
     18     4     2
     10     3     7
     16     4    11
     15     3     4
      6     1    14
      8     2     9
      4     4     6
      5     7     2
      1     4     1
     12     5     9
      2     6    11
     10    10    10
      5     2    14
     20     9     4
     10     1    13
      2     2    13
     15     2     3
      2     9     6
      9     6    14
     18    10     6
      2     8    10
     19     5     7
     13     6     6
     14     7    13
      7     9     7
      6     3     9
     12    10     9
      7     3     4
    200
     13    10    10
     20     5     8
     14    10     9
     13     7    15
      3     9    13
      9     4     7
     16     9    12
      4     6    13
      1     1     2
     15     9     6
      9     7    14
     12     3     6
     10     5     1
     14     1     2
      5     9     5
      2     6    12
      5     2    12
      7     2    15
     17     9     8
     20     4    11
     12     8     5
      3     5    14
      4     9    13
      7     3     8
     19     4     5
     11     2     4
      6     7     5
     16     2     8
     11     7    13
     12     8     5
      4     4    14
      3     1     1
     13     3     5
      8    10    12
     20     6     8
      5     5     5
     16     1    10
     13     9     3
      8     6     2
     15     7     3
     20     2    12
     17    10     5
      8     3     8
     11     6     4
     19     4     6
      7     7     5
      9     5    11
     19     3     7
      9     4     2
      7     5     5
     13     8     8
      8     9     3
     18     4     6
      5     3     3
      3     5     3
     18     8     7
     17    10     6
      9     5     9
     12     8     7
      3     2     5
     12     6    11
     13     3    13
      6     1    10
     15     2     7
     15     3    15
     15     6     9
      4     5     5
     15     3    12
     10     2     7
     15     7    10
      1     8    12
      8     3     5
     12     5    11
      3     1    15
     14     2    10
     11     8     9
     14     7    14
      4     1    13
     13     7     5
     10     8     9
     20     4    13
      3     2     8
     11     6     1
      7     5     4
     14     3    13
     14     5    14
      4    10     6
      1     3    10
      6     5     1
     10    10     4
      7     2    12
      2     7     1
     16    10    10
     19     1    10
      8     6     2
      8     2    14
      9     6    12
      6     1     8
     10     3     7
     14     5     6
     14     8     6
     10     5     4
     14     4     6
      9     9     7
      1     6     9
     15     7    12
     19     7    14
     13     3    13
      2     8     2
     17     5    12
     10     4     4
      3     1     7
      8    10     2
      3    10     8
     17    10     7
     10     9     7
     19     2     6
     15     9    12
     17     5     6
     10     8    12
     18     4    10
     16     8    10
     20    10     3
      1     2    12
     15    10     8
      7     2    10
     12     6    11
     19     2     3
      3     4     8
      1     2    12
     20     8    13
     19     6    10
      3     5     1
      1     1    12
     10     8     7
     13     2    15
     17     5     1
     10     7    11
      6     8     7
     12     3    12
     12     2    10
     18     4     2
     11    10    10
     17     3    13
     12     1    11
     14    10    11
      7     1     7
      7     4    14
      7     3    15
      2     2    11
      7     4    13
     16     8     6
     11     3     1
     18     9     4
      8     9    10
      9     6     1
     12     5    11
      6     5     3
      3     6    10
      6     2     2
     13     6     1
     10     4    12
      6     5    14
      8     9    13
      2     5     4
     17     8    14
     19     6     8
     18     5     8
      8     3    15
     15    10     9
     14     1     8
     16     4     6
     17     9    11
     10     1     9
     13     3     6
      8     1     1
     10    10     4
     11    10    13
     12     3    15
     16     5     5
     12     8     7
      2     8    13
     19     5    12
      1     3    15
     15     4    11
     12    10     1
      2     2     3
     10     5    14
     18     9    12
     12     2     7
      3     6    12
     15     6    14
      4     8     3
     14     8     6
     20     6    12
     13     6     3
     11     4     5
     13     9     3
     10     9     2
      2     2    12
    200
     19     1    13
     12     2     5
      2    10    11
     16     3     2
      3     5     4
      8     1    14
     10     3     9
     12     7    13
     20     5    11
      2     4     5
      4     1     9
      5     7     7
     16     1     5
     18     4    12
     20     9     7
     18     2     5
     19     4     4
     18     7    13
      6     3     4
      1     8     4
     11     3     3
      3    10    14
     10     3     1
     13    10    12
     20     3     1
     15     9    10
     19     5    14
     17     2    13
     18     7     6
     20     3    10
     14     8    14
      3     7     5
     16     6    12
     11     4    12
     19     2     5
      3     6     9
     18     7    10
     13     8    14
     13     4     1
      3     9     1
      7     3    14
     19     2     1
      7    10    13
     16     8    15
     11     9     4
      2     4    10
     15     6     4
      5     7    13
      3    10    14
     13     2    15
     15     2     2
      1     7     5
      9     2     9
      8     2    10
      8     4    11
      7     3     2
      8    10     3
      8     1     6
     17    10     9
      9     6    10
      4    10     2
     14     3     2
      4     7     1
      5     5    10
     16     5     6
     10    10     2
     10     3    15
     12     8    14
     19     5     5
      3     4     1
     14     7     9
     18     9     4
     14     7     1
     18     2    12
     15     1     9
     19     1     9
     11     7    12
      5     5    13
     10     4     7
      7     8     2
     19     5    11
     12     9     3
     11     5     5
     16     6     8
      6     4     8
     17     9     3
     16     2     9
      9     8     2
      7     6    12
      7     5     5
     11     9    10
      9     9     7
      7     9     5
      5    10     5
      1     9     6
      6     6     6
      7     7     2
      4    10    10
      2     7     1
      5     2     3
     19     5     4
     18    10     3
      9     7     5
      3     4     4
     11     5    13
     19    10     9
      1     8    15
      4     2     2
      3     1    14
     19     4    14
      6     8     5
      4     4     5
     20     2     5
      9     5     5
      2     2     9
      9     1    13
     10     9    10
     20     2    14
     16     9     9
      2     4     8
     11     8     5
     10     8    11
     19    10     5
     14    10     4
     16     5     1
      4     2     2
      6     2     3
      1     9     7
      1     1     5
      7     3    14
     12     4     8
     12     9    15
      1     9    13
      7     2     8
     11    10     7
      8     9     1
     12     9    10
      7     6    10
     13     5     1
     17     8    10
     18     5     1
      3    10     7
     17     1     7
     12     3     9
      2    10    13
     19     1     3
     11     6    14
     19     8     7
      7     8     8
     16     7     2
     19     6    13
     13     5     4
     13    10     6
     11     3     9
     19     5    15
     15     9    13
     19     1     6
     11     5     8
     10     2     3
      2     4    10
     18    10     9
      8     3     8
     13     4    11
     20     9     6
      8     3     9
      7    10     2
     10     7     9
     14     6     5
      7     1     8
      9     3     3
     14     9    13
      8     3    14
     16     5     5
     10     9    12
     10     2     1
      2     9    13
     14     8    10
     15     9     2
     19     3    10
      7     3     9
      3     3    13
     11     2     2
     17     3    12
     12     6     5
      5     6     9
      4    10    13
     15     2     9
     18     8    15
      2     6     7
      2     4     7
     18     7    11
     11     2     8
      6     8    11
      9    10     5
      6     7     3
     13     5     9
     15     9     2
     20     6    12
      8     8    11
     17     2     5
    200
      5     2     1
      5     8     2
      9     1    14
     20    10     4
      2     1    11
      7     8     6
      3     7     6
     20     8    14
     19     9     4
      8     9     5
     20     5     4
     17     1     7
      3     8     8
      1     8     6
     16     9     9
     13     8    14
     12     7    10
      8     2    12
     15     8     1
      3     2    13
      9     9     1
      2     6    13
     16     6     5
     19     7     1
     20     2    13
     19     6     2
     13     4     8
     18     3     3
      5     7    14
      8     9    15
      5     3    14
      3     3     9
     19     9     4
     14     7    11
     17     8     3
      1     7    14
     20     2    10
     13     8    10
     18     2    14
     11     1    14
     13     3     2
      2     4    13
      5     7     3
      1    10    10
      4     3     3
     17     1    15
     20     7    11
     11     1     4
     17     6    10
     20     8    10
     18     6    11
     15     6     8
     19     9    12
     12     2     1
     14     3     5
     15     8    13
     18    10     1
      6     6     3
      2     2    10
     14    10    15
     17     3     9
     14     4     7
      3     2     7
     14     8    12
     17     8    12
      4     4    10
     15    10    11
      9     2     2
      8     7     4
     11     1     8
      7     7     6
      8     4     2
     15     9     6
     12     2     8
     17     9     7
      7     4     9
      8     7    10
      5     9    12
      8     1     9
      5     7     9
     17     5     9
      2     6    13
     10     5    10
      6     6    13
     17     5     3
      1     2     6
      8     4    11
     16     3     9
      9     8     7
      5    10     6
     15     6     8
     16    10    13
     18     9     1
     10     9    15
     13     2    10
      3     9    13
      5     8     6
      2     9    12
     14     1    10
     16     9    15
      3     3     2
      6     5     1
      4    10     3
     17     9     2
     20     4     1
      3     4     6
      2     8     1
     15    10     5
      4     3    10
     20     4     1
      2     2     6
      6     7     3
     12     5     9
     14     1     2
      6     3    11
      9     3     5
      2     6    13
      6     6     1
     15     3    12
     14     1     5
      5     1    14
      4     8    13
     19     9     6
      6     8    10
     16    10     9
      2     3     9
     19     9    10
      2     6    11
     18     8     3
     12     3    15
      3     1     3
      4     1     5
     19     4    10
     12     2     5
     13     3     7
      3     5     3
      7     3     5
      4     6     9
      1     3    10
      2     3     7
      5     9     7
      7     7    12
      2     1     4
      8     2     6
     13     9    14
      5     2    11
     15     2     5
     10     2    15
      7     3     1
     10     2     8
     11     9    13
     10     2     3
     15     8    11
      5     7    14
     10    10     6
      1     2    10
      6     7     1
     15     5    13
     17     8    11
     18     7     2
      3     5     3
      5     3     4
     20     3     8
     11    10    13
     13     1    15
     16     2     4
      1     9     9
     10     8     2
      6     9     2
      3     6    11
     13     8     2
     20     3     8
     15    10    13
     11     7    14
      8     1    11
     15     7    10
     18     6    15
     19     7     6
      6     2     4
     18     1    12
     14     7     3
      1     5     7
     14     2    13
      3     8     9
     15     8     6
     15     1    10
      7     3    14
      5     1     1
      5     4     1
     12     6     8
     13     8     9
      7     8     1
      8     8     4
      4     3     4
     13     8    10
     13     4    15
     19     4    14
      7     3     5
      6     7     4
     12     1    13
    200
     11     2     5
     17     5    14
     16     2     1
      3     6     6
      2     7     3
      6     6    14
     16     1     4
      9     9    15
     18     3    12
     15     3     5
     15     9    14
     10     5     8
     10     4    12
      5     1     1
     11     9    12
      9     4     7
      5    10     2
     18     6    10
      4     2    12
      5     6     6
      8     5    14
      1     1    13
      1    10     8
      6     3     5
      1     1     9
      2     4     8
      7     2     2
     19     3     8
     13     7     7
     15     4     4
     15     8    14
      3     9    14
      3     2    11
     17     1    10
     16     4    15
     20     8     4
      2     8    11
     13     7     6
      3    10    12
     20     2    11
     20     4     4
      5     6    10
      4     5     8
      6     2     6
     16     8     2
     12     9     5
      5     8     4
     17     5    11
     11     2     7
      6     5     5
     20    10     5
      8     4    11
      9     7    15
     15     1     8
     19     2    14
      4     3     8
      9    10    13
      5     1    14
      7     4    12
     19     3     5
     10     7    15
     14     5    12
      1     7    13
      4     1    15
     17    10     3
     19     7     3
      1     8     6
      6     7     5
     17    10     3
     19     8    14
     20     6     3
     18     9    15
     17     1    10
      7     3     5
     19     8     6
     14     8     9
      4     6     9
      5     3    12
      5     8    11
      3     6     1
     15     5     7
     11     3     8
     10     4    14
     15     7     3
      8     6    14
      5     6    10
     20     7    14
      4     9     2
     10     9     3
      3     5     7
     18     2     5
      2     2     4
      9     8    11
     15     9    11
      6     5    13
      1     3     5
      2     8    11
     19     9    13
      6     5     4
      8     7    12
      8     1    15
     15    10    15
     20     3     2
     11     4    15
      9     3     4
      7     7     3
      4     9     2
      6     8     8
      6     6     7
      2     4     4
     18     5     7
      8     9     1
      4     8    13
     20     6    14
     10     5    13
      8     6    11
     13     3     1
     12    10     4
     14     7    15
      6     7     1
     18     4     8
     18     8    14
     18     8     8
     19     6     2
     17     6     2
     20     3     1
     13     5     2
      3     3    15
     15     4    15
     17     3     2
     15     8    13
     17     4    10
     16     8     8
     17     2     2
     15     6     7
     17     2     4
      2     7    14
     20     6     8
      8     1     5
      7     8     4
     11     2    14
     12     3     2
      8     1    15
      3     2     2
      4     7    15
     11     3     3
     19     7    11
      2     5     7
      7     8     9
      5     7    14
      4     2    13
      7     8     1
     17     6    15
     18    10     4
      1     6    11
      6     4     7
     13     3    10
     20     6     3
      4     4     4
     14    10     9
      8    10    12
      2     2    14
      7     2     5
      3     1     5
     18     9     5
      6     4     7
     12     1    10
      5     9    14
      5     7    10
     17     8     5
     13     7     7
     12     2     2
     14     5     7
     11     5     1
      5     9     6
      8     5     7
      2     4     5
      3     6    10
     13     2    13
      9     9     1
      5     1     9
     10     8    11
     12    10    14
     14     1    14
      5     9     4
      7     1     7
     20     3     4
     13     4     2
      8     1    11
      2     8     8
      8     9     7
      3     4     9
      9     8    12
     19     6     2
     19     9     1
     13     3     6
      3     9    12
     14    10    14
      4     5    13
      6    10     6
    200
     18     3     8
     10     1    11
      3     2     4
      6     2     8
      1     3     9
      4     3     6
     10     5     1
     17    10    15
     16     7     6
      1     8     4
     11     3     9
      2     9     9
     17     1    15
      8     5    10
      6     9    14
      5    10    15
     18     2     9
      9     1     9
     12     7     8
      6     1    14
      6    10    12
     20     7    12
      7     3    11
     12    10     8
      1    10     5
      6     1    14
      1    10    10
     20     4    14
     20     7    15
      3    10     9
      6     2    13
      4     6     3
      6     6     2
     20     5     9
     14    10    13
     18    10     8
      4     4    11
     13     7     2
      9     8    10
      8     4     9
      7     5     7
      7     8     6
      2     2    13
     11     4     1
      9     3     1
      7     6    11
     10     9    12
      4     9     2
      5     8     3
     12     1    14
      3     4    14
      2     2    14
     20     4     3
     19    10    15
      5     1     8
     12     7     4
     20     9    10
      4     6    11
     12     5    14
      4     7     9
      3    10     6
     14     6     2
     20     2     4
     14     4     2
     18     3     9
     13     1    11
      6     5     1
      3     2     8
      6     3     2
      7     5     5
     13     5    15
      8     4    13
     19     3    15
      1     4     2
     20     6     4
      2     1     8
      1     6     7
      5     8    11
      3     5    13
     20     6     8
     13     5     6
      1    10     3
      9     4     3
      4     7     8
     19     7     9
      9     9    14
     11     9     2
     11     4     9
     11     1    13
      1    10     9
      2     9     3
      9     4    11
     20     7     7
     20     8     6
     19     8     2
     18     6    12
     20     9     1
     17     8    15
     19    10    13
     19     4     8
     12     9    13
      3     5    13
     15     6    15
      4     9    13
     18     2     8
     12     1    15
      6     9     4
     17     7    12
      7     8     4
      4     4     6
     14     9     8
     10     2    14
     15    10     1
      6     2    10
     14     7    15
      7     8     2
      4    10     4
     17     3     6
     13     1     4
     18     3    12
     11     8     2
     12     8     1
     18     7     9
     11     4     8
     17     1    10
     17     3     7
      6     2     9
      4    10     4
     13     1    13
      3     3     4
      7     5     9
      9     7    15
     14     3     5
      2     2    13
     16     9     7
     12     8     5
     18     1     9
     17     6     7
     15     9    14
     12     4     1
     17     5     5
     16     9     7
     13     1    12
     18     1    13
     14     6     2
     17     3    10
      2     2     3
     13     9    15
      7     3     2
     19     2     6
     16     5    14
      4     5    14
     20     4     5
     12     4     9
     12     2     1
     12     7     4
     19     9     5
      5     6     9
     11    10    12
     10     3     1
     13     4     6
     19     1    10
     14     1     1
     14     2    13
      4     7    10
     16     6    10
      3     3    10
      1     1    12
      4     6     4
     11     1    13
     12     5    12
      5     2    11
     13     1     1
     11     3     4
      2     8     1
      2     3     4
      5     2    11
      6     4    14
     20     1     7
     19     7     4
     16     5    14
     20     1    15
      9     9    14
      5     3     4
     15     1     1
     19     2     5
     12     4    10
      1     7     3
     11     8     5
     12     1     9
      3    10     6
     19    10     2
     11     8     5
     14     8     1
      6    10     7
     12     2    11
      7     4     9
      1     7     8
      2     4     6
      1    10    14
    200
      4     4    12
      2     8     8
     11     3     6
      9     9    10
      1     9     1
      3    10    13
      3     9    14
      6     1     1
     15     1    14
      8     2     4
      6     8     4
     14     4    10
      4     7     4
     11     8     4
      2    10     1
     20     5     8
     12     5    15
     19     6     7
      1     1     4
      8     5     8
      5     6    10
     20     2    11
     13     7    14
     18     7    12
      2     9     2
     10     8     6
     15     8     4
      2     4     4
      7     7     8
     11     5    14
     16     7    13
      4     2     7
      9     9     9
      3     9     9
     13     6    10
     17     1    13
      6     9    12
     13     7    12
     14     6     9
     16     6     6
     14     6     9
     10    10     3
      1     9     3
     16     6    12
      1     8    15
      2     3     1
     16    10     4
     10     3     8
     19     4    14
     19     8     9
      5     8     8
     15     1     2
     10     2     5
      3    10     6
     10    10     2
      1     2    14
     10     9     7
      3     2     8
     17     7     1
      9     1    14
     16     4    13
     14     7     6
     18     7     9
      3     7     4
     19     5    15
      8     5     4
     12     3    11
     20     7    10
     15     6     1
     15     2    11
      6     4    12
     17    10    12
      1     5     5
     16     5    14
      2     5     3
     10     4     8
     18     6     5
      5     2    10
     20     2    15
     18     5    15
     11     6     4
     10     7    13
      9     3     8
     13     8    12
     11     8     4
     12     3     3
      3     2     4
     19     9     1
     13     2     9
     18     5    10
      6     6     1
     16     6     2
     11     7     2
      6     8     1
     11     2     6
     15    10     4
     18    10     6
     15     8     2
     11     4     7
     11     1     5
     17     7    11
     11     1    11
     11    10    14
     18     5    10
      8     1    11
     16     4    12
      8    10     5
      7     5    15
      8     1     1
      6     4     8
     10     2     9
     12     4    12
      7     3     5
     11     7     7
     18     9     2
      6    10     8
     16     8     7
      3     7     8
     12     5     7
     10     9     8
      5     1    11
      6     8     2
     17     6    11
      4     1    15
     18     6     3
     15     3    14
     19     9     2
      5     6     8
     10     8    10
      8     3     5
     18     1     4
      2     9     5
     11     7     2
      8     2    10
     18     2     7
      7     5     7
     13     5     3
     14     5     6
      3     7     8
     17     9    13
      3     9    12
      1     6    12
     18     1     8
     13     1    10
      5     4     3
      2     4     2
      6     8     9
      5     3     7
      8     8    10
     13     6    12
      8     7    14
      1     2    12
      2     2     9
      5     8    14
      2     7     7
     18    10    15
      6     5    15
     10     7    14
     18     6     5
      6     6     8
     18     9    15
     16    10     6
      1    10    13
      6     3     5
      9     5     1
      6     8    12
     15     4    11
     17     2     9
      3     4    13
      5     3     6
     12     4     2
     17     1     5
     12     6     9
     12     1     6
     19     7    11
     15     1     1
      9    10     1
     10     3     3
      8     1     2
     10     5     7
      7     9     5
      9     4     5
      7     7    15
     16     6     9
      5     3    13
     10     2     2
      5     4    15
      8    10     4
     14     5    14
      2     3     9
     17     1     4
     16     6    11
     13     8    13
      9     1    15
     12     1    13
     12     1     2
     11     9     7
      8     4     1
     19     3    14
     16     9     7
    200
     10     5    15
     15     4     5
     18     3     9
     13     5    12
     20     6     8
      2     7     6
     16     3    11
     14     2     2
     14     5     7
     14     7     3
      1     2    14
      7     8    11
     11     4     7
     15     2    14
     17    10     3
     16     1     1
      5     8     7
      9     1     6
     10     6    15
      9     9     1
      3     2     8
     19     8    11
     19    10     2
      4     4     1
      2     7    13
     13     6    12
      8     6    13
      3     5     9
     14     7     1
     19     1     4
      7     1    13
      4     8    11
     13     2     1
      7     3     8
     11     1     8
     15     2     2
      8     5    12
     13     6     8
     19     4     7
      5     7     4
      1     7    12
     12     2    14
     19     7     8
      2     8     7
     14     2    14
     17    10     6
      1     1    12
     16     8    15
     14    10    11
      5     5     4
      8     2     2
      9     9     5
      1     9     8
      6     9    13
     16     9    11
     10     7     9
      1     9     4
      1     7     5
      2     9     3
     14     5     4
      9     7     4
     14     8    11
     17     2    15
     13    10     7
     20     8     6
      2     8    12
     17    10     6
     17     1    13
      4     9    15
      3     8     2
     19     3     9
      7     5    10
      3     7     9
     10     6    11
      4     3     2
     18     8     8
     15     6     3
      6     6    10
     17     9     2
     16     5     7
     10     6     2
     20     4     8
      9     2    12
      3     8     2
      2     9    14
     16     6     6
     15     4     7
      6     4     8
     14     3     5
     16    10    11
      9     2    14
      2     7     8
      2     6    13
     11     7    11
      4     5    10
     13     4    11
     16     1    11
     13     7     4
      3     8     1
      2     8     2
      1     5     9
     20     6    10
      6     3    12
     12    10     8
     17    10    15
     20     7     9
     10    10     6
     18     4     3
      9     3    12
      7     3    10
      6     6     9
     13     7    10
     19     6     9
     17     3     4
      2    10     4
      6     3    14
      7     5    11
      8     1    10
     11     9    10
      2     6     4
     18     5     6
      1     8     3
     17     6    12
     16     9     6
     19     1    11
     13     4     6
     13     5     9
      6     3    12
      8     5     8
     13     4     7
     10     8    14
     15     2    10
      9     2    14
     13     2     6
     20     5     8
      2     1     8
      8     9    12
     10     5     5
     10     5     3
      2     4    10
     10     2     3
      5     2     2
      4     2     5
      8    10     6
     16     3     5
      8     5     9
     10     3     1
     16     7    15
      8     3     3
      7     1     3
      1    10    14
     18     9    10
      4    10    14
     19     2     4
     13     3    12
      3     3    12
     13     1    10
     15     7     4
      5     2    13
      3     8    15
      3     4     8
     13     9     1
      8     9    10
     17     4    12
     14     2     6
     16    10    15
      6     6    11
     13     4     6
      1     2     6
     18     6    15
     11     2     7
      9     1    14
     11     2     3
     12     9     9
     17     5     6
      9     9    13
     13     8     6
     14     1     7
     15    10    11
      1     3    11
     19     3    10
     19     8     9
      4     6    15
      7     9    13
     15     5    11
      2     3    14
     17     5     6
     16     3     5
     17     2     9
     12     5    10
     12     2     3
     12     1     4
     14     8     6
      4     4    14
     19     2     4
     12    10     8
     15     3     4
     15     1    10
     17     2     8
     11     8    15
