 10
     50
     11    10     5
      6     3    13
      3     9     7
      6     6     4
     14    10     1
      6     6    15
      4     3     2
     19     6    13
     20     7    10
     11     4    14
      3     6    12
     14     3     4
      6     7     4
     16     4    10
      3     2    13
      5     4     9
     16     4     5
      8     1     7
     15     5     7
      1     8    14
      6     7    12
     17     5    11
     19     8     9
     10     4     7
      9     3     9
     10     1     6
     16     9    10
      4     9     8
      4     2    12
     19     5    12
     14     4    13
      3     5    11
     20     7     9
     12     1     4
     17     5     2
      5     3     7
     19     6     3
     14     1    11
     18     4    14
     18     1    12
     20     7     9
     17     3    10
      4     6     5
      1     6     9
      8     6     6
      8     2    10
     18    10     8
     20     2     7
      6     8     9
      6     8     2
     50
     17     1     8
     19    10    10
     11     9     9
      9     2     6
     13     6     8
      5     3     8
     17     7    14
      7     7    14
     19     1     3
     17     9    13
     18     1     7
      7     7     5
     13     4     8
     19     7     5
     18     2     1
     20    10     2
      9     7    11
     18     5     5
      4    10     3
      3     2     8
      4     3    10
     16     1    10
      5     2    12
     16     1    10
      9     2     5
     14     8    12
     10     7     4
      5    10    13
     11     2     5
      7    10     2
      5     9    13
      3     1    15
      4    10     1
     15     5     3
     15     1    15
      3     4    11
      1     2     3
     14    10     7
      4     2    12
      6     3     9
      7     7    12
     19     5     7
      3     3    10
      6     8     4
      1    10     4
      3     9    15
      4     1     1
      6     6    13
     20     4     6
     13     4    12
     50
      4     2    12
     11     6     6
     18    10    12
     12     9     8
     13     2    15
      4     1    15
     10     1    12
     16     8    14
     17     5    11
      4     3    13
     14     5     2
     19     1     6
     20    10    12
      3     1    14
     13     2     3
     16     5    10
      3    10     3
      8    10     4
     13     4    14
      4     6     1
      2     8     8
     16     6    10
     11     5    15
      2     8    14
     10     1     2
     17     6     3
      3     5    13
      6    10     3
     18     2    13
     15     6     7
     15     4    13
      3     7     5
      7     3     8
     18     9     2
     14     7    12
      2     5     1
      3     7     3
     14    10     3
      9    10    10
     14     4     7
     14     8    15
      2     7     3
      1    10    15
     11    10    15
     13     5     3
     18     7     5
      9     2     9
     12    10     5
     15    10     2
     19     1     7
     50
     10     3    15
      4     3     3
      5    10    14
     16     5    10
     12     8     6
      2     8     7
      3     5     9
      4     9    15
     16     9     5
     10     8    12
      9     9    12
     12     5     7
      7     7    15
      6     4     9
      9     2     5
     11     1     3
     16     2     9
     19     5     2
      1     9    10
      6    10    10
      1     4     6
     15     2     9
     16     9     4
      9     5     3
     10    10    13
      1     3    10
     17     3     6
      7     1     8
      6     1     6
      2     1    12
      6     8    13
      4     3     9
     10     7    15
      1     3     1
     12     3    10
     20     6     5
      5     3     4
     14    10    14
     14     8     8
      3     6     5
     20     9     2
      4     9    15
     20     8     5
     16     2    10
      6    10     2
     13     4    10
     14     3     1
     19     4    11
      9     6    13
      6     8     1
     50
     16     4     3
     16     9    15
     12     1     2
     19     1    12
     12     4    13
      1     5    14
     17     9     7
     12    10     1
     15     3    13
     16     3    12
      5     3     7
      4     9     7
     14     3     4
      9     8     3
      4     2     8
      7     7    11
      9     5     1
      9     9     1
     10     3     6
      7     5     3
     19    10     4
     14     7     9
      2     2     7
     15     2     7
     11     8     9
      5    10     1
     11     2    15
      9     1    14
     13     1    14
     10     7     2
     16     3    12
      4    10    13
     14    10     7
      4     6     1
     11     8     7
     19     8    10
      7     9     4
     14     9    10
     20     6     7
     11     8     2
      7    10     5
      7     1    12
     18     5    10
      1     4     6
     18     5     1
      8     1    15
     20     4     9
      5     8     3
      3     2    10
     12     4    11
     50
      3     5     7
      9     6    12
     20     2     4
      2     8    14
     11    10     5
     20     2     7
     10     3     4
      1     1     1
     13     7     6
      3     7    11
     20     8     2
     16     3     8
      1     9     7
     13     1    13
     19     2    10
      2     3     4
      3     8     8
     19     4    14
     19     8     2
      9     9    11
     18     5     2
     13     3     8
      8     6    10
      1     8    10
     12     7     6
      8     7     7
      5    10     9
     10     1     4
     20     1     7
     18     2     6
      7     7    12
      4     6     2
     17     3    13
      7    10    15
     10     4     5
     17     9    14
      9     4     4
     14     9     6
      5     4     5
     19     9    15
     14     1     7
     10     3     8
     17     2    15
      7     6     1
     11     9    15
      3     8     6
      5     5     2
     11     2     9
     17     8     6
     18     1     6
     50
      9     6    10
      2     2     9
      7     2     7
      6     4     1
     11     6    11
     19     9    14
      3     7     1
      9     2     2
     12     1    14
      9     2    11
     16     2    12
      9     7     9
      7     6    11
     16     5     7
     15     2    12
     18     9    12
     16     1    14
     10     9    13
      8     2    13
     10     3     5
     16     1    15
     13     8     8
     14     9    13
      7     5    14
     12     6     2
     12     5    14
     19     8     3
     11     2     9
      7     1    15
      6     8    11
     17     2    12
      4     2     7
     20     6     5
     10     4    14
      8    10     2
     16    10     4
     12    10     5
     14     9     2
     10     2     3
      8     1    12
      1     2    10
     12     5     5
     15    10     5
     12     8    12
      3     4    14
     19     5    11
     10     6     9
     17     6    15
     11     4     3
      5     7     1
     50
     15     7    13
     14     9     6
     14     3     9
      9    10     3
     10     3     3
     18     6     6
     17     1    14
     17     3     3
     11     5     8
     16     7    11
     11     6     7
      1     2    10
     14     2    14
     20     8     2
     10     2    14
     13     5     5
      9     3     6
     20     4    11
     16     7     9
     12     8    13
     15     7    13
     12     4     7
     20     3     1
     14     2     3
     13     5    14
     16     2     5
     12     6    12
     12     2    14
     15     1     8
     14     3     1
      8     7    11
      5     8    11
      4    10    12
     13     8    14
      7     6    15
     14     1     9
     14     6     5
     14     8    13
     15    10     2
     16     3    10
      8     3    12
     15     7     2
     14     7    10
     17    10     7
     16     9    12
     14     3     1
     15     7     2
      3    10     7
      5    10    14
     11     4    10
     50
      1     8     2
      7     5     3
      1     3    12
     12     7     5
     10     9    10
     17     4    14
     10     5    11
      6     4     3
      9     9     1
      2     1    10
      7    10     2
     14     6    11
      1     9     3
      3     2    11
      5     2     2
      9    10    13
      2     6    12
     10     8    10
      5     1     5
     14     2     7
     13     2    11
     11     9     6
      6     6     4
     20     9     7
     13     4    10
     19     9    11
      6     4     5
     13     3     4
      2     1     1
      1     9     6
     18     1    11
      5     5    15
      7     3     4
     17     2    13
      5     2    12
     12     3    13
     16     1     5
     14     8     8
      1     7    15
      4     4     7
     14     4    15
     17     9    13
     12     4    15
      2     3     3
      8     3    11
      9    10     6
      1     8    10
      9     4    13
     19     6    11
     18     1     5
     50
      8     9     5
     19     2    15
      9     4    14
     16     3     7
      9     5     1
     16     1     6
      3     9     9
     14     5     4
      8     3     9
      9     6    10
      2     5    12
      6    10    11
      8     5     6
      6     5     6
     20     3     4
      5     6     6
     16     9     4
      1     3     8
     14     6     1
     15     6    15
     12     8     9
     10     5     6
     12    10     8
      6     6    10
     14     3     7
      3     7     3
     20     2    14
     14     3     9
      9     1     9
      9     4    11
      9     6    11
      5     1     4
     10     6    11
     20     5    12
      4     8     9
     11     4     3
     18     7     6
     14     8     4
      6     5    13
     13     6     5
      1     4     2
     20     1    10
     11     2     5
      7     5    13
      1     8    10
      4     7    11
      6    10     2
     15     8     4
     13     2     7
      4     7    15
